time	V(n003)	I(C1)
0.000000000000000e+00	-5.000000e+00	-5.000000e-22
1.000000003627494e-15	-5.000000e+00	1.000008e-06
2.000000007254987e-15	-5.000000e+00	2.000015e-06
4.000000014509975e-15	-5.000000e+00	3.999972e-06
8.000000029019950e-15	-5.000000e+00	8.000003e-06
1.600000005803990e-14	-5.000000e+00	1.599999e-05
3.200000011607980e-14	-5.000000e+00	3.199999e-05
6.400000023215960e-14	-5.000000e+00	6.400000e-05
1.000000000000000e-13	-5.000000e+00	9.999999e-05
1.000000000000000e-12	-4.999999e+00	9.999999e-05
1.227232347308558e-08	-4.987735e+00	9.987735e-05
2.454364694617117e-08	-4.975486e+00	9.975486e-05
3.681497041925675e-08	-4.963253e+00	9.963253e-05
4.908629389234233e-08	-4.951034e+00	9.951034e-05
6.135761736542792e-08	-4.938830e+00	9.938830e-05
7.362894083851350e-08	-4.926641e+00	9.926642e-05
8.590026431159906e-08	-4.914468e+00	9.914468e-05
1.717996105431984e-07	-4.829667e+00	9.829667e-05
3.435983030063971e-07	-4.662233e+00	9.662233e-05
6.871956879327945e-07	-4.335848e+00	9.335848e-05
1.374390457785589e-06	-3.715605e+00	8.715606e-05
2.350952957785590e-06	-2.904096e+00	7.904096e-05
3.327515457785590e-06	-2.168147e+00	7.168147e-05
4.304077957785590e-06	-1.500722e+00	6.500722e-05
5.280640457785590e-06	-8.954404e-01	5.895440e-05
6.257202957785590e-06	-3.465167e-01	5.346517e-05
7.233765457785590e-06	1.512967e-01	4.848703e-05
8.210327957785591e-06	6.027589e-01	4.397241e-05
9.186890457785591e-06	1.012185e+00	3.987814e-05
1.016345295778559e-05	1.383490e+00	3.616510e-05
1.114001545778559e-05	1.720223e+00	3.279777e-05
1.211657795778559e-05	2.025603e+00	2.974397e-05
1.309314045778559e-05	2.302548e+00	2.697452e-05
1.406970295778560e-05	2.553708e+00	2.446292e-05
1.504626545778560e-05	2.781482e+00	2.218518e-05
1.602282795778560e-05	2.988048e+00	2.011952e-05
1.699939045778560e-05	3.175380e+00	1.824620e-05
1.797595295778560e-05	3.345270e+00	1.654730e-05
1.895251545778560e-05	3.499342e+00	1.500658e-05
1.992907795778560e-05	3.639068e+00	1.360932e-05
2.090564045778560e-05	3.765784e+00	1.234216e-05
2.188220295778560e-05	3.880702e+00	1.119298e-05
2.285876545778560e-05	3.984920e+00	1.015080e-05
2.383532795778560e-05	4.079433e+00	9.205663e-06
2.481189045778561e-05	4.165147e+00	8.348526e-06
2.578845295778561e-05	4.242880e+00	7.571195e-06
2.676501545778561e-05	4.313376e+00	6.866242e-06
2.774157795778561e-05	4.377307e+00	6.226927e-06
2.871814045778561e-05	4.435286e+00	5.647139e-06
2.969470295778561e-05	4.487866e+00	5.121335e-06
3.067126545778561e-05	4.535551e+00	4.644487e-06
3.164782795778561e-05	4.578796e+00	4.212040e-06
3.262439045778561e-05	4.618014e+00	3.819858e-06
3.360095295778561e-05	4.653581e+00	3.464191e-06
3.457751545778561e-05	4.685836e+00	3.141641e-06
3.555407795778561e-05	4.715088e+00	2.849123e-06
3.653064045778561e-05	4.741616e+00	2.583841e-06
3.750720295778561e-05	4.765674e+00	2.343260e-06
3.848376545778561e-05	4.787492e+00	2.125080e-06
3.946032795778561e-05	4.807279e+00	1.927214e-06
4.043689045778562e-05	4.825223e+00	1.747771e-06
4.141345295778562e-05	4.841496e+00	1.585036e-06
4.239001545778562e-05	4.856255e+00	1.437454e-06
4.336657795778562e-05	4.869639e+00	1.303613e-06
4.434314045778562e-05	4.881777e+00	1.182234e-06
4.531970295778562e-05	4.892785e+00	1.072156e-06
4.629626545778562e-05	4.902767e+00	9.723276e-07
4.727282795778562e-05	4.911820e+00	8.817943e-07
4.824939045778562e-05	4.920031e+00	7.996906e-07
5.000000009999999e-05	4.932881e+00	6.711853e-07
5.000000010999999e-05	4.932881e+00	-9.328804e-06
5.000000012999999e-05	4.932881e+00	-2.932881e-05
5.000000019999999e-05	4.932881e+00	-9.932881e-05
5.000059938513234e-05	4.932286e+00	-9.932286e-05
5.000119857026467e-05	4.931691e+00	-9.931691e-05
5.000179775539702e-05	4.931096e+00	-9.931096e-05
5.000239694052936e-05	4.930501e+00	-9.930501e-05
5.000299612566171e-05	4.929906e+00	-9.929906e-05
5.000359531079404e-05	4.929311e+00	-9.929311e-05
5.000419449592639e-05	4.928716e+00	-9.928716e-05
5.002276927045757e-05	4.910291e+00	-9.910291e-05
5.004134404498876e-05	4.891900e+00	-9.891900e-05
5.005991881951995e-05	4.873543e+00	-9.873543e-05
5.007849359405113e-05	4.855220e+00	-9.855220e-05
5.009706836858232e-05	4.836931e+00	-9.836931e-05
5.011564314311351e-05	4.818676e+00	-9.818676e-05
5.013421791764470e-05	4.800455e+00	-9.800455e-05
5.026843564328940e-05	4.669792e+00	-9.669792e-05
5.053687109457881e-05	4.413659e+00	-9.413659e-05
5.107374199715762e-05	3.921478e+00	-8.921479e-05
5.205030449715762e-05	3.090801e+00	-8.090801e-05
5.302686699715762e-05	2.337467e+00	-7.337467e-05
5.400342949715762e-05	1.654277e+00	-6.654277e-05
5.497999199715762e-05	1.034698e+00	-6.034698e-05
5.595655449715762e-05	4.728079e-01	-5.472808e-05
5.693311699715762e-05	-3.676452e-02	-4.963236e-05
5.790967949715762e-05	-4.988907e-01	-4.501109e-05
5.888624199715762e-05	-9.179884e-01	-4.082012e-05
5.986280449715762e-05	-1.298064e+00	-3.701936e-05
6.083936699715762e-05	-1.642751e+00	-3.357249e-05
6.181592949715762e-05	-1.955344e+00	-3.044656e-05
6.279249199715762e-05	-2.238831e+00	-2.761169e-05
6.376905449715762e-05	-2.495924e+00	-2.504077e-05
6.474561699715762e-05	-2.729078e+00	-2.270922e-05
6.572217949715762e-05	-2.940523e+00	-2.059477e-05
6.669874199715762e-05	-3.132281e+00	-1.867719e-05
6.767530449715762e-05	-3.306184e+00	-1.693816e-05
6.865186699715762e-05	-3.463895e+00	-1.536105e-05
6.962842949715762e-05	-3.606921e+00	-1.393079e-05
7.060499199715763e-05	-3.736631e+00	-1.263369e-05
7.158155449715763e-05	-3.854263e+00	-1.145737e-05
7.255811699715763e-05	-3.960942e+00	-1.039058e-05
7.353467949715763e-05	-4.057689e+00	-9.423112e-06
7.451124199715763e-05	-4.145427e+00	-8.545728e-06
7.548780449715763e-05	-4.224997e+00	-7.750036e-06
7.646436699715763e-05	-4.297157e+00	-7.028431e-06
7.744092949715763e-05	-4.362598e+00	-6.374015e-06
7.841749199715763e-05	-4.421947e+00	-5.780531e-06
7.939405449715763e-05	-4.475770e+00	-5.242307e-06
8.037061699715763e-05	-4.524580e+00	-4.754196e-06
8.134717949715764e-05	-4.568847e+00	-4.311534e-06
8.232374199715764e-05	-4.608991e+00	-3.910087e-06
8.330030449715764e-05	-4.645398e+00	-3.546020e-06
8.427686699715764e-05	-4.678415e+00	-3.215850e-06
8.525342949715764e-05	-4.708358e+00	-2.916423e-06
8.622999199715764e-05	-4.735513e+00	-2.644875e-06
8.720655449715764e-05	-4.760139e+00	-2.398611e-06
8.818311699715764e-05	-4.782472e+00	-2.175277e-06
8.915967949715764e-05	-4.802726e+00	-1.972737e-06
9.013624199715764e-05	-4.821095e+00	-1.789056e-06
9.111280449715764e-05	-4.837752e+00	-1.622477e-06
9.208936699715764e-05	-4.852859e+00	-1.471408e-06
9.306592949715765e-05	-4.866560e+00	-1.334406e-06
9.404249199715765e-05	-4.878984e+00	-1.210159e-06
9.501905449715765e-05	-4.890252e+00	-1.097482e-06
9.599561699715765e-05	-4.900470e+00	-9.952952e-07
9.697217949715765e-05	-4.909738e+00	-9.026234e-07
9.794874199715765e-05	-4.918142e+00	-8.185802e-07
9.892530449715765e-05	-4.925764e+00	-7.423623e-07
9.999999999999999e-05	-4.933333e+00	-6.666669e-07
1.000000000100000e-04	-4.933333e+00	9.333336e-06
1.000000000300000e-04	-4.933333e+00	2.933334e-05
1.000000001000000e-04	-4.933333e+00	9.933334e-05
1.000011984714887e-04	-4.932143e+00	9.932143e-05
1.000023968429775e-04	-4.930953e+00	9.930953e-05
1.000035952144662e-04	-4.929763e+00	9.929763e-05
1.000047935859550e-04	-4.928573e+00	9.928573e-05
1.000059919574437e-04	-4.927383e+00	9.927383e-05
1.000071903289325e-04	-4.926193e+00	9.926193e-05
1.000083887004212e-04	-4.925004e+00	9.925004e-05
1.000671089593698e-04	-4.866895e+00	9.866895e-05
1.001342178267397e-04	-4.800901e+00	9.800900e-05
1.002684355614793e-04	-4.670232e+00	9.670232e-05
1.005368710309586e-04	-4.414087e+00	9.414087e-05
1.010737419699172e-04	-3.921884e+00	8.921884e-05
1.020503044699172e-04	-3.091169e+00	8.091169e-05
1.030268669699172e-04	-2.337801e+00	7.337801e-05
1.040034294699172e-04	-1.654579e+00	6.654579e-05
1.049799919699172e-04	-1.034972e+00	6.034972e-05
1.059565544699172e-04	-4.730569e-01	5.473057e-05
1.069331169699172e-04	3.653869e-02	4.963461e-05
1.079096794699172e-04	4.986859e-01	4.501314e-05
1.088862419699172e-04	9.178027e-01	4.082197e-05
1.098628044699172e-04	1.297896e+00	3.702104e-05
1.108393669699172e-04	1.642598e+00	3.357402e-05
1.118159294699172e-04	1.955205e+00	3.044795e-05
1.127924919699172e-04	2.238706e+00	2.761294e-05
1.137690544699172e-04	2.495810e+00	2.504191e-05
1.147456169699172e-04	2.728974e+00	2.271026e-05
1.157221794699172e-04	2.940429e+00	2.059571e-05
1.166987419699172e-04	3.132196e+00	1.867804e-05
1.176753044699172e-04	3.306107e+00	1.693893e-05
1.186518669699172e-04	3.463825e+00	1.536175e-05
1.196284294699172e-04	3.606858e+00	1.393142e-05
1.206049919699172e-04	3.736573e+00	1.263427e-05
1.215815544699172e-04	3.854211e+00	1.145789e-05
1.225581169699172e-04	3.960895e+00	1.039105e-05
1.235346794699172e-04	4.057646e+00	9.423541e-06
1.245112419699172e-04	4.145389e+00	8.546116e-06
1.254878044699172e-04	4.224961e+00	7.750388e-06
1.264643669699172e-04	4.297125e+00	7.028751e-06
1.274409294699172e-04	4.362569e+00	6.374305e-06
1.284174919699172e-04	4.421921e+00	5.780794e-06
1.293940544699172e-04	4.475746e+00	5.242545e-06
1.303706169699172e-04	4.524559e+00	4.754413e-06
1.313471794699172e-04	4.568827e+00	4.311730e-06
1.323237419699172e-04	4.608974e+00	3.910265e-06
1.333003044699172e-04	4.645382e+00	3.546181e-06
1.342768669699172e-04	4.678401e+00	3.215996e-06
1.352534294699172e-04	4.708344e+00	2.916555e-06
1.362299919699172e-04	4.735500e+00	2.644995e-06
1.372065544699172e-04	4.760128e+00	2.398720e-06
1.381831169699172e-04	4.782463e+00	2.175376e-06
1.391596794699172e-04	4.802717e+00	1.972827e-06
1.401362419699172e-04	4.821086e+00	1.789137e-06
1.411128044699172e-04	4.837745e+00	1.622551e-06
1.420893669699172e-04	4.852852e+00	1.471475e-06
1.430659294699172e-04	4.866553e+00	1.334466e-06
1.440424919699172e-04	4.878979e+00	1.210214e-06
1.450190544699172e-04	4.890247e+00	1.097531e-06
1.459956169699172e-04	4.900466e+00	9.953404e-07
1.469721794699172e-04	4.909734e+00	9.026645e-07
1.479487419699172e-04	4.918138e+00	8.186175e-07
1.489253044699172e-04	4.925760e+00	7.423961e-07
1.500000001000000e-04	4.933331e+00	6.666814e-07
1.500000001100000e-04	4.933331e+00	-9.333307e-06
1.500000001300000e-04	4.933331e+00	-2.933331e-05
1.500000002000000e-04	4.933330e+00	-9.933330e-05
1.500011985714887e-04	4.932140e+00	-9.932140e-05
1.500023969429775e-04	4.930950e+00	-9.930950e-05
1.500035953144662e-04	4.929760e+00	-9.929760e-05
1.500047936859550e-04	4.928570e+00	-9.928570e-05
1.500059920574437e-04	4.927380e+00	-9.927380e-05
1.500071904289325e-04	4.926191e+00	-9.926191e-05
1.500083888004212e-04	4.925001e+00	-9.925001e-05
1.500671090593698e-04	4.866892e+00	-9.866892e-05
1.501342179267397e-04	4.800898e+00	-9.800898e-05
1.502684356614793e-04	4.670229e+00	-9.670229e-05
1.505368711309586e-04	4.414084e+00	-9.414084e-05
1.510737420699172e-04	3.921882e+00	-8.921882e-05
1.520503045699172e-04	3.091166e+00	-8.091166e-05
1.530268670699172e-04	2.337799e+00	-7.337799e-05
1.540034295699172e-04	1.654577e+00	-6.654578e-05
1.549799920699172e-04	1.034971e+00	-6.034971e-05
1.559565545699172e-04	4.730552e-01	-5.473055e-05
1.569331170699172e-04	-3.654021e-02	-4.963460e-05
1.579096795699172e-04	-4.986873e-01	-4.501313e-05
1.588862420699172e-04	-9.178039e-01	-4.082196e-05
1.598628045699172e-04	-1.297897e+00	-3.702103e-05
1.608393670699172e-04	-1.642599e+00	-3.357401e-05
1.618159295699172e-04	-1.955206e+00	-3.044794e-05
1.627924920699172e-04	-2.238707e+00	-2.761293e-05
1.637690545699172e-04	-2.495810e+00	-2.504190e-05
1.647456170699172e-04	-2.728975e+00	-2.271025e-05
1.657221795699172e-04	-2.940430e+00	-2.059570e-05
1.666987420699172e-04	-3.132196e+00	-1.867804e-05
1.676753045699172e-04	-3.306107e+00	-1.693893e-05
1.686518670699172e-04	-3.463825e+00	-1.536175e-05
1.696284295699172e-04	-3.606858e+00	-1.393142e-05
1.706049920699172e-04	-3.736573e+00	-1.263426e-05
1.715815545699172e-04	-3.854211e+00	-1.145789e-05
1.725581170699172e-04	-3.960895e+00	-1.039105e-05
1.735346795699172e-04	-4.057646e+00	-9.423538e-06
1.745112420699172e-04	-4.145389e+00	-8.546113e-06
1.754878045699172e-04	-4.224961e+00	-7.750386e-06
1.764643670699172e-04	-4.297125e+00	-7.028749e-06
1.774409295699172e-04	-4.362570e+00	-6.374303e-06
1.784174920699172e-04	-4.421921e+00	-5.780792e-06
1.793940545699172e-04	-4.475746e+00	-5.242543e-06
1.803706170699172e-04	-4.524559e+00	-4.754411e-06
1.813471795699172e-04	-4.568827e+00	-4.311728e-06
1.823237420699172e-04	-4.608974e+00	-3.910264e-06
1.833003045699172e-04	-4.645382e+00	-3.546180e-06
1.842768670699172e-04	-4.678401e+00	-3.215995e-06
1.852534295699172e-04	-4.708344e+00	-2.916554e-06
1.862299920699172e-04	-4.735500e+00	-2.644995e-06
1.872065545699172e-04	-4.760128e+00	-2.398720e-06
1.881831170699172e-04	-4.782463e+00	-2.175375e-06
1.891596795699172e-04	-4.802717e+00	-1.972826e-06
1.901362420699172e-04	-4.821086e+00	-1.789136e-06
1.911128045699172e-04	-4.837745e+00	-1.622550e-06
1.920893670699172e-04	-4.852852e+00	-1.471475e-06
1.930659295699172e-04	-4.866553e+00	-1.334466e-06
1.940424920699172e-04	-4.878979e+00	-1.210214e-06
1.950190545699172e-04	-4.890247e+00	-1.097531e-06
1.959956170699172e-04	-4.900466e+00	-9.953402e-07
1.969721795699172e-04	-4.909734e+00	-9.026642e-07
1.979487420699172e-04	-4.918139e+00	-8.186173e-07
1.989253045699172e-04	-4.925760e+00	-7.423959e-07
2.000000000000000e-04	-4.933331e+00	-6.667105e-07
2.000000000100000e-04	-4.933331e+00	9.333307e-06
2.000000000300000e-04	-4.933331e+00	2.933331e-05
2.000000001000000e-04	-4.933330e+00	9.933330e-05
2.000011984714887e-04	-4.932140e+00	9.932140e-05
2.000023968429775e-04	-4.930950e+00	9.930950e-05
2.000035952144662e-04	-4.929760e+00	9.929760e-05
2.000047935859550e-04	-4.928570e+00	9.928570e-05
2.000059919574437e-04	-4.927380e+00	9.927380e-05
2.000071903289325e-04	-4.926191e+00	9.926191e-05
2.000083887004212e-04	-4.925001e+00	9.925001e-05
2.000671089593698e-04	-4.866892e+00	9.866892e-05
2.001342178267396e-04	-4.800898e+00	9.800898e-05
2.002684355614793e-04	-4.670229e+00	9.670229e-05
2.005368710309586e-04	-4.414084e+00	9.414084e-05
2.010737419699172e-04	-3.921882e+00	8.921882e-05
2.020503044699172e-04	-3.091166e+00	8.091166e-05
2.030268669699172e-04	-2.337799e+00	7.337799e-05
2.040034294699172e-04	-1.654577e+00	6.654578e-05
2.049799919699172e-04	-1.034971e+00	6.034971e-05
2.059565544699172e-04	-4.730553e-01	5.473055e-05
2.069331169699172e-04	3.654020e-02	4.963460e-05
2.079096794699172e-04	4.986873e-01	4.501313e-05
2.088862419699172e-04	9.178039e-01	4.082196e-05
2.098628044699172e-04	1.297897e+00	3.702103e-05
2.108393669699172e-04	1.642599e+00	3.357401e-05
2.118159294699172e-04	1.955206e+00	3.044794e-05
2.127924919699172e-04	2.238707e+00	2.761293e-05
2.137690544699172e-04	2.495810e+00	2.504190e-05
2.147456169699172e-04	2.728975e+00	2.271025e-05
2.157221794699172e-04	2.940430e+00	2.059570e-05
2.166987419699172e-04	3.132196e+00	1.867804e-05
2.176753044699172e-04	3.306107e+00	1.693893e-05
2.186518669699172e-04	3.463825e+00	1.536175e-05
2.196284294699172e-04	3.606858e+00	1.393142e-05
2.206049919699172e-04	3.736573e+00	1.263426e-05
2.215815544699172e-04	3.854211e+00	1.145789e-05
2.225581169699172e-04	3.960895e+00	1.039105e-05
2.235346794699172e-04	4.057646e+00	9.423538e-06
2.245112419699172e-04	4.145389e+00	8.546113e-06
2.254878044699172e-04	4.224961e+00	7.750386e-06
2.264643669699172e-04	4.297125e+00	7.028749e-06
2.274409294699172e-04	4.362570e+00	6.374303e-06
2.284174919699172e-04	4.421921e+00	5.780792e-06
2.293940544699172e-04	4.475746e+00	5.242543e-06
2.303706169699172e-04	4.524559e+00	4.754411e-06
2.313471794699172e-04	4.568827e+00	4.311728e-06
2.323237419699172e-04	4.608974e+00	3.910264e-06
2.333003044699172e-04	4.645382e+00	3.546180e-06
2.342768669699172e-04	4.678401e+00	3.215995e-06
2.352534294699172e-04	4.708344e+00	2.916554e-06
2.362299919699172e-04	4.735500e+00	2.644995e-06
2.372065544699172e-04	4.760128e+00	2.398720e-06
2.381831169699172e-04	4.782463e+00	2.175375e-06
2.391596794699172e-04	4.802717e+00	1.972826e-06
2.401362419699172e-04	4.821086e+00	1.789136e-06
2.411128044699172e-04	4.837745e+00	1.622550e-06
2.420893669699172e-04	4.852852e+00	1.471475e-06
2.430659294699172e-04	4.866553e+00	1.334466e-06
2.440424919699172e-04	4.878979e+00	1.210214e-06
2.450190544699172e-04	4.890247e+00	1.097531e-06
2.459956169699172e-04	4.900466e+00	9.953402e-07
2.469721794699172e-04	4.909734e+00	9.026642e-07
2.479487419699172e-04	4.918139e+00	8.186173e-07
2.489253044699172e-04	4.925760e+00	7.423959e-07
2.500000001000000e-04	4.933331e+00	6.666814e-07
2.500000001100000e-04	4.933331e+00	-9.333278e-06
2.500000001300000e-04	4.933331e+00	-2.933329e-05
2.500000002000000e-04	4.933330e+00	-9.933329e-05
2.500011985711639e-04	4.932140e+00	-9.932139e-05
2.500023969423278e-04	4.930950e+00	-9.930950e-05
2.500035953134918e-04	4.929760e+00	-9.929760e-05
2.500047936846557e-04	4.928570e+00	-9.928571e-05
2.500059920558196e-04	4.927380e+00	-9.927381e-05
2.500071904269835e-04	4.926191e+00	-9.926191e-05
2.500083887981475e-04	4.925001e+00	-9.925001e-05
2.500671090411799e-04	4.866892e+00	-9.866892e-05
2.501342178903598e-04	4.800898e+00	-9.800898e-05
2.502684355887197e-04	4.670229e+00	-9.670229e-05
2.505368709854394e-04	4.414084e+00	-9.414084e-05
2.510737417788789e-04	3.921882e+00	-8.921882e-05
2.520503042788789e-04	3.091166e+00	-8.091167e-05
2.530268667788789e-04	2.337799e+00	-7.337799e-05
2.540034292788789e-04	1.654578e+00	-6.654578e-05
2.549799917788789e-04	1.034971e+00	-6.034971e-05
2.559565542788789e-04	4.730554e-01	-5.473055e-05
2.569331167788789e-04	-3.654005e-02	-4.963460e-05
2.579096792788789e-04	-4.986872e-01	-4.501313e-05
2.588862417788789e-04	-9.178038e-01	-4.082196e-05
2.598628042788789e-04	-1.297897e+00	-3.702103e-05
2.608393667788789e-04	-1.642599e+00	-3.357401e-05
2.618159292788789e-04	-1.955206e+00	-3.044794e-05
2.627924917788789e-04	-2.238707e+00	-2.761294e-05
2.637690542788789e-04	-2.495810e+00	-2.504190e-05
2.647456167788789e-04	-2.728975e+00	-2.271025e-05
2.657221792788789e-04	-2.940430e+00	-2.059570e-05
2.666987417788789e-04	-3.132196e+00	-1.867804e-05
2.676753042788789e-04	-3.306107e+00	-1.693893e-05
2.686518667788789e-04	-3.463825e+00	-1.536175e-05
2.696284292788789e-04	-3.606858e+00	-1.393142e-05
2.706049917788789e-04	-3.736573e+00	-1.263426e-05
2.715815542788789e-04	-3.854211e+00	-1.145789e-05
2.725581167788789e-04	-3.960895e+00	-1.039105e-05
2.735346792788789e-04	-4.057646e+00	-9.423538e-06
2.745112417788789e-04	-4.145389e+00	-8.546114e-06
2.754878042788789e-04	-4.224961e+00	-7.750386e-06
2.764643667788789e-04	-4.297125e+00	-7.028749e-06
2.774409292788789e-04	-4.362570e+00	-6.374303e-06
2.784174917788789e-04	-4.421921e+00	-5.780792e-06
2.793940542788789e-04	-4.475746e+00	-5.242543e-06
2.803706167788789e-04	-4.524559e+00	-4.754411e-06
2.813471792788789e-04	-4.568827e+00	-4.311728e-06
2.823237417788789e-04	-4.608974e+00	-3.910264e-06
2.833003042788789e-04	-4.645382e+00	-3.546180e-06
2.842768667788789e-04	-4.678401e+00	-3.215996e-06
2.852534292788789e-04	-4.708344e+00	-2.916555e-06
2.862299917788789e-04	-4.735500e+00	-2.644995e-06
2.872065542788789e-04	-4.760128e+00	-2.398720e-06
2.881831167788789e-04	-4.782463e+00	-2.175375e-06
2.891596792788789e-04	-4.802717e+00	-1.972826e-06
2.901362417788789e-04	-4.821086e+00	-1.789137e-06
2.911128042788789e-04	-4.837745e+00	-1.622550e-06
2.920893667788789e-04	-4.852852e+00	-1.471475e-06
2.930659292788789e-04	-4.866553e+00	-1.334466e-06
2.940424917788789e-04	-4.878979e+00	-1.210214e-06
2.950190542788789e-04	-4.890247e+00	-1.097531e-06
2.959956167788789e-04	-4.900466e+00	-9.953402e-07
2.969721792788789e-04	-4.909734e+00	-9.026642e-07
2.979487417788789e-04	-4.918139e+00	-8.186173e-07
2.989253042788789e-04	-4.925760e+00	-7.423959e-07
3.000000000000000e-04	-4.933331e+00	-6.667105e-07
3.000000000099999e-04	-4.933331e+00	9.333307e-06
3.000000000300000e-04	-4.933331e+00	2.933329e-05
3.000000000700000e-04	-4.933331e+00	6.933330e-05
3.000000001000000e-04	-4.933330e+00	9.933329e-05
3.000000001080000e-04	-4.933330e+00	9.933330e-05
3.000011984780210e-04	-4.932140e+00	9.932140e-05
3.000023968480421e-04	-4.930950e+00	9.930950e-05
3.000035952180632e-04	-4.929760e+00	9.929760e-05
3.000047935880842e-04	-4.928570e+00	9.928570e-05
3.000059919581053e-04	-4.927380e+00	9.927380e-05
3.000071903281264e-04	-4.926191e+00	9.926191e-05
3.000083886981474e-04	-4.925001e+00	9.925001e-05
3.000671089411799e-04	-4.866892e+00	9.866892e-05
3.001342177903598e-04	-4.800898e+00	9.800898e-05
3.002684354887197e-04	-4.670229e+00	9.670229e-05
3.005368708854394e-04	-4.414084e+00	9.414084e-05
3.010737416788789e-04	-3.921882e+00	8.921882e-05
3.020503041788789e-04	-3.091166e+00	8.091167e-05
3.030268666788789e-04	-2.337799e+00	7.337799e-05
3.040034291788789e-04	-1.654578e+00	6.654578e-05
3.049799916788789e-04	-1.034971e+00	6.034971e-05
3.059565541788789e-04	-4.730554e-01	5.473055e-05
3.069331166788789e-04	3.654005e-02	4.963460e-05
3.079096791788789e-04	4.986871e-01	4.501313e-05
3.088862416788789e-04	9.178038e-01	4.082196e-05
3.098628041788789e-04	1.297897e+00	3.702103e-05
3.108393666788789e-04	1.642599e+00	3.357401e-05
3.118159291788789e-04	1.955206e+00	3.044794e-05
3.127924916788789e-04	2.238707e+00	2.761294e-05
3.137690541788789e-04	2.495810e+00	2.504190e-05
3.147456166788789e-04	2.728975e+00	2.271025e-05
3.157221791788789e-04	2.940430e+00	2.059570e-05
3.166987416788789e-04	3.132196e+00	1.867804e-05
3.176753041788789e-04	3.306107e+00	1.693893e-05
3.186518666788789e-04	3.463825e+00	1.536175e-05
3.196284291788789e-04	3.606858e+00	1.393142e-05
3.206049916788789e-04	3.736573e+00	1.263426e-05
3.215815541788789e-04	3.854211e+00	1.145789e-05
3.225581166788789e-04	3.960895e+00	1.039105e-05
3.235346791788789e-04	4.057646e+00	9.423538e-06
3.245112416788789e-04	4.145389e+00	8.546114e-06
3.254878041788789e-04	4.224961e+00	7.750386e-06
3.264643666788789e-04	4.297125e+00	7.028749e-06
3.274409291788789e-04	4.362570e+00	6.374303e-06
3.284174916788789e-04	4.421921e+00	5.780792e-06
3.293940541788789e-04	4.475746e+00	5.242543e-06
3.303706166788789e-04	4.524559e+00	4.754411e-06
3.313471791788789e-04	4.568827e+00	4.311728e-06
3.323237416788789e-04	4.608974e+00	3.910264e-06
3.333003041788789e-04	4.645382e+00	3.546180e-06
3.342768666788789e-04	4.678401e+00	3.215996e-06
3.352534291788789e-04	4.708344e+00	2.916555e-06
3.362299916788789e-04	4.735500e+00	2.644995e-06
3.372065541788789e-04	4.760128e+00	2.398720e-06
3.381831166788789e-04	4.782463e+00	2.175375e-06
3.391596791788789e-04	4.802717e+00	1.972826e-06
3.401362416788789e-04	4.821086e+00	1.789137e-06
3.411128041788789e-04	4.837745e+00	1.622550e-06
3.420893666788789e-04	4.852852e+00	1.471475e-06
3.430659291788789e-04	4.866553e+00	1.334466e-06
3.440424916788789e-04	4.878979e+00	1.210214e-06
3.450190541788789e-04	4.890247e+00	1.097531e-06
3.459956166788789e-04	4.900466e+00	9.953402e-07
3.469721791788789e-04	4.909734e+00	9.026642e-07
3.479487416788789e-04	4.918139e+00	8.186173e-07
3.489253041788789e-04	4.925760e+00	7.423959e-07
3.500000000999999e-04	4.933331e+00	6.667105e-07
3.500000001099999e-04	4.933331e+00	-9.333249e-06
3.500000001299999e-04	4.933331e+00	-2.933323e-05
3.500000001999999e-04	4.933330e+00	-9.933324e-05
3.500011985711638e-04	4.932140e+00	-9.932138e-05
3.500023969423278e-04	4.930950e+00	-9.930951e-05
3.500035953134917e-04	4.929760e+00	-9.929763e-05
3.500047936846556e-04	4.928570e+00	-9.928574e-05
3.500059920558195e-04	4.927380e+00	-9.927384e-05
3.500071904269835e-04	4.926191e+00	-9.926193e-05
3.500083887981474e-04	4.925001e+00	-9.925001e-05
3.500671090411799e-04	4.866892e+00	-9.866892e-05
3.501342178903598e-04	4.800898e+00	-9.800898e-05
3.502684355887196e-04	4.670229e+00	-9.670229e-05
3.505368709854393e-04	4.414084e+00	-9.414084e-05
3.510737417788788e-04	3.921882e+00	-8.921882e-05
3.520503042788788e-04	3.091166e+00	-8.091167e-05
3.530268667788788e-04	2.337799e+00	-7.337799e-05
3.540034292788788e-04	1.654578e+00	-6.654578e-05
3.549799917788788e-04	1.034971e+00	-6.034971e-05
3.559565542788788e-04	4.730554e-01	-5.473055e-05
3.569331167788788e-04	-3.654005e-02	-4.963460e-05
3.579096792788788e-04	-4.986871e-01	-4.501313e-05
3.588862417788788e-04	-9.178038e-01	-4.082196e-05
3.598628042788788e-04	-1.297897e+00	-3.702103e-05
3.608393667788788e-04	-1.642599e+00	-3.357401e-05
3.618159292788788e-04	-1.955206e+00	-3.044794e-05
3.627924917788788e-04	-2.238707e+00	-2.761294e-05
3.637690542788788e-04	-2.495810e+00	-2.504190e-05
3.647456167788788e-04	-2.728975e+00	-2.271025e-05
3.657221792788788e-04	-2.940430e+00	-2.059570e-05
3.666987417788788e-04	-3.132196e+00	-1.867804e-05
3.676753042788788e-04	-3.306107e+00	-1.693893e-05
3.686518667788788e-04	-3.463825e+00	-1.536175e-05
3.696284292788788e-04	-3.606858e+00	-1.393142e-05
3.706049917788788e-04	-3.736573e+00	-1.263426e-05
3.715815542788788e-04	-3.854211e+00	-1.145789e-05
3.725581167788788e-04	-3.960895e+00	-1.039105e-05
3.735346792788788e-04	-4.057646e+00	-9.423538e-06
3.745112417788788e-04	-4.145389e+00	-8.546114e-06
3.754878042788788e-04	-4.224961e+00	-7.750386e-06
3.764643667788788e-04	-4.297125e+00	-7.028749e-06
3.774409292788788e-04	-4.362570e+00	-6.374303e-06
3.784174917788788e-04	-4.421921e+00	-5.780792e-06
3.793940542788788e-04	-4.475746e+00	-5.242543e-06
3.803706167788788e-04	-4.524559e+00	-4.754411e-06
3.813471792788788e-04	-4.568827e+00	-4.311728e-06
3.823237417788788e-04	-4.608974e+00	-3.910264e-06
3.833003042788788e-04	-4.645382e+00	-3.546180e-06
3.842768667788788e-04	-4.678401e+00	-3.215996e-06
3.852534292788788e-04	-4.708344e+00	-2.916555e-06
3.862299917788788e-04	-4.735500e+00	-2.644995e-06
3.872065542788788e-04	-4.760128e+00	-2.398720e-06
3.881831167788788e-04	-4.782463e+00	-2.175375e-06
3.891596792788788e-04	-4.802717e+00	-1.972826e-06
3.901362417788788e-04	-4.821086e+00	-1.789137e-06
3.911128042788788e-04	-4.837745e+00	-1.622550e-06
3.920893667788788e-04	-4.852852e+00	-1.471475e-06
3.930659292788788e-04	-4.866553e+00	-1.334466e-06
3.940424917788788e-04	-4.878979e+00	-1.210214e-06
3.950190542788788e-04	-4.890247e+00	-1.097531e-06
3.959956167788788e-04	-4.900466e+00	-9.953402e-07
3.969721792788788e-04	-4.909734e+00	-9.026642e-07
3.979487417788788e-04	-4.918139e+00	-8.186173e-07
3.989253042788788e-04	-4.925760e+00	-7.423959e-07
4.000000000000000e-04	-4.933331e+00	-6.667105e-07
4.000000000099999e-04	-4.933331e+00	9.333249e-06
4.000000000299999e-04	-4.933331e+00	2.933329e-05
4.000000000700000e-04	-4.933331e+00	6.933330e-05
4.000000000999999e-04	-4.933330e+00	9.933329e-05
4.000000001079999e-04	-4.933330e+00	9.933331e-05
4.000011984780210e-04	-4.932140e+00	9.932140e-05
4.000023968480421e-04	-4.930950e+00	9.930949e-05
4.000035952180632e-04	-4.929760e+00	9.929759e-05
4.000047935880842e-04	-4.928570e+00	9.928569e-05
4.000059919581053e-04	-4.927380e+00	9.927379e-05
4.000071903281264e-04	-4.926191e+00	9.926190e-05
4.000083886981474e-04	-4.925001e+00	9.925001e-05
4.000671089411799e-04	-4.866892e+00	9.866892e-05
4.001342177903598e-04	-4.800898e+00	9.800898e-05
4.002684354887197e-04	-4.670229e+00	9.670229e-05
4.005368708854394e-04	-4.414084e+00	9.414084e-05
4.010737416788788e-04	-3.921882e+00	8.921882e-05
4.020503041788788e-04	-3.091166e+00	8.091167e-05
4.030268666788789e-04	-2.337799e+00	7.337799e-05
4.040034291788789e-04	-1.654578e+00	6.654578e-05
4.049799916788789e-04	-1.034971e+00	6.034971e-05
4.059565541788789e-04	-4.730554e-01	5.473055e-05
4.069331166788789e-04	3.654005e-02	4.963460e-05
4.079096791788789e-04	4.986871e-01	4.501313e-05
4.088862416788789e-04	9.178038e-01	4.082196e-05
4.098628041788789e-04	1.297897e+00	3.702103e-05
4.108393666788789e-04	1.642599e+00	3.357401e-05
4.118159291788789e-04	1.955206e+00	3.044794e-05
4.127924916788789e-04	2.238707e+00	2.761294e-05
4.137690541788789e-04	2.495810e+00	2.504190e-05
4.147456166788789e-04	2.728975e+00	2.271025e-05
4.157221791788789e-04	2.940430e+00	2.059570e-05
4.166987416788789e-04	3.132196e+00	1.867804e-05
4.176753041788789e-04	3.306107e+00	1.693893e-05
4.186518666788789e-04	3.463825e+00	1.536175e-05
4.196284291788789e-04	3.606858e+00	1.393142e-05
4.206049916788789e-04	3.736573e+00	1.263426e-05
4.215815541788789e-04	3.854211e+00	1.145789e-05
4.225581166788789e-04	3.960895e+00	1.039105e-05
4.235346791788789e-04	4.057646e+00	9.423538e-06
4.245112416788789e-04	4.145389e+00	8.546114e-06
4.254878041788789e-04	4.224961e+00	7.750386e-06
4.264643666788789e-04	4.297125e+00	7.028749e-06
4.274409291788789e-04	4.362570e+00	6.374303e-06
4.284174916788789e-04	4.421921e+00	5.780792e-06
4.293940541788789e-04	4.475746e+00	5.242543e-06
4.303706166788789e-04	4.524559e+00	4.754411e-06
4.313471791788789e-04	4.568827e+00	4.311728e-06
4.323237416788789e-04	4.608974e+00	3.910264e-06
4.333003041788789e-04	4.645382e+00	3.546180e-06
4.342768666788789e-04	4.678401e+00	3.215996e-06
4.352534291788789e-04	4.708344e+00	2.916555e-06
4.362299916788789e-04	4.735500e+00	2.644995e-06
4.372065541788789e-04	4.760128e+00	2.398720e-06
4.381831166788789e-04	4.782463e+00	2.175375e-06
4.391596791788789e-04	4.802717e+00	1.972826e-06
4.401362416788789e-04	4.821086e+00	1.789137e-06
4.411128041788789e-04	4.837745e+00	1.622550e-06
4.420893666788789e-04	4.852852e+00	1.471475e-06
4.430659291788789e-04	4.866553e+00	1.334466e-06
4.440424916788789e-04	4.878979e+00	1.210214e-06
4.450190541788789e-04	4.890247e+00	1.097531e-06
4.459956166788789e-04	4.900466e+00	9.953402e-07
4.469721791788789e-04	4.909734e+00	9.026642e-07
4.479487416788789e-04	4.918139e+00	8.186173e-07
4.489253041788789e-04	4.925760e+00	7.423959e-07
4.500000001000000e-04	4.933331e+00	6.667105e-07
4.500000001099999e-04	4.933331e+00	-9.333249e-06
4.500000001299999e-04	4.933331e+00	-2.933329e-05
4.500000001999999e-04	4.933330e+00	-9.933329e-05
4.500011985711639e-04	4.932140e+00	-9.932139e-05
4.500023969423278e-04	4.930950e+00	-9.930950e-05
4.500035953134917e-04	4.929760e+00	-9.929760e-05
4.500047936846556e-04	4.928570e+00	-9.928571e-05
4.500059920558196e-04	4.927380e+00	-9.927381e-05
4.500071904269835e-04	4.926191e+00	-9.926191e-05
4.500083887981474e-04	4.925001e+00	-9.925001e-05
4.500671090411799e-04	4.866892e+00	-9.866892e-05
4.501342178903598e-04	4.800898e+00	-9.800898e-05
4.502684355887197e-04	4.670229e+00	-9.670229e-05
4.505368709854394e-04	4.414084e+00	-9.414084e-05
4.510737417788788e-04	3.921882e+00	-8.921882e-05
4.520503042788789e-04	3.091166e+00	-8.091167e-05
4.530268667788789e-04	2.337799e+00	-7.337799e-05
4.540034292788789e-04	1.654578e+00	-6.654578e-05
4.549799917788789e-04	1.034971e+00	-6.034971e-05
4.559565542788789e-04	4.730554e-01	-5.473055e-05
4.569331167788789e-04	-3.654005e-02	-4.963460e-05
4.579096792788789e-04	-4.986872e-01	-4.501313e-05
4.588862417788789e-04	-9.178038e-01	-4.082196e-05
4.598628042788789e-04	-1.297897e+00	-3.702103e-05
4.608393667788789e-04	-1.642599e+00	-3.357401e-05
4.618159292788789e-04	-1.955206e+00	-3.044794e-05
4.627924917788789e-04	-2.238707e+00	-2.761294e-05
4.637690542788789e-04	-2.495810e+00	-2.504190e-05
4.647456167788789e-04	-2.728975e+00	-2.271025e-05
4.657221792788789e-04	-2.940430e+00	-2.059570e-05
4.666987417788789e-04	-3.132196e+00	-1.867804e-05
4.676753042788789e-04	-3.306107e+00	-1.693893e-05
4.686518667788789e-04	-3.463825e+00	-1.536175e-05
4.696284292788789e-04	-3.606858e+00	-1.393142e-05
4.706049917788789e-04	-3.736573e+00	-1.263426e-05
4.715815542788789e-04	-3.854211e+00	-1.145789e-05
4.725581167788789e-04	-3.960895e+00	-1.039105e-05
4.735346792788789e-04	-4.057646e+00	-9.423538e-06
4.745112417788789e-04	-4.145389e+00	-8.546114e-06
4.754878042788789e-04	-4.224961e+00	-7.750386e-06
4.764643667788789e-04	-4.297125e+00	-7.028749e-06
4.774409292788789e-04	-4.362570e+00	-6.374303e-06
4.784174917788789e-04	-4.421921e+00	-5.780792e-06
4.793940542788789e-04	-4.475746e+00	-5.242543e-06
4.803706167788789e-04	-4.524559e+00	-4.754411e-06
4.813471792788789e-04	-4.568827e+00	-4.311728e-06
4.823237417788789e-04	-4.608974e+00	-3.910264e-06
4.833003042788789e-04	-4.645382e+00	-3.546180e-06
4.842768667788789e-04	-4.678401e+00	-3.215996e-06
4.852534292788789e-04	-4.708344e+00	-2.916555e-06
4.862299917788789e-04	-4.735500e+00	-2.644995e-06
4.872065542788789e-04	-4.760128e+00	-2.398720e-06
4.881831167788789e-04	-4.782463e+00	-2.175375e-06
4.891596792788789e-04	-4.802717e+00	-1.972826e-06
4.901362417788789e-04	-4.821086e+00	-1.789137e-06
4.911128042788789e-04	-4.837745e+00	-1.622550e-06
4.920893667788789e-04	-4.852852e+00	-1.471475e-06
4.930659292788789e-04	-4.866553e+00	-1.334466e-06
4.940424917788789e-04	-4.878979e+00	-1.210214e-06
4.950190542788789e-04	-4.890247e+00	-1.097531e-06
4.959956167788789e-04	-4.900466e+00	-9.953402e-07
4.969721792788789e-04	-4.909734e+00	-9.026642e-07
4.979487417788789e-04	-4.918139e+00	-8.186173e-07
4.989253042788789e-04	-4.925760e+00	-7.423959e-07
5.000000000000000e-04	-4.933331e+00	-6.667105e-07
5.000000000100000e-04	-4.933331e+00	9.333307e-06
5.000000000300000e-04	-4.933331e+00	2.933329e-05
5.000000000700000e-04	-4.933331e+00	6.933330e-05
5.000000001000000e-04	-4.933330e+00	9.933328e-05
5.000000001080000e-04	-4.933330e+00	9.933331e-05
5.000011984780210e-04	-4.932140e+00	9.932140e-05
5.000023968480421e-04	-4.930950e+00	9.930949e-05
5.000035952180632e-04	-4.929760e+00	9.929759e-05
5.000047935880843e-04	-4.928570e+00	9.928569e-05
5.000059919581054e-04	-4.927380e+00	9.927379e-05
5.000071903281264e-04	-4.926191e+00	9.926190e-05
5.000083886981475e-04	-4.925001e+00	9.925001e-05
5.000671089411800e-04	-4.866892e+00	9.866892e-05
5.001342177903599e-04	-4.800898e+00	9.800898e-05
5.002684354887197e-04	-4.670229e+00	9.670229e-05
5.005368708854395e-04	-4.414084e+00	9.414084e-05
5.010737416788789e-04	-3.921882e+00	8.921882e-05
5.020503041788789e-04	-3.091166e+00	8.091167e-05
5.030268666788789e-04	-2.337799e+00	7.337799e-05
5.040034291788789e-04	-1.654578e+00	6.654578e-05
5.049799916788789e-04	-1.034971e+00	6.034971e-05
5.059565541788789e-04	-4.730554e-01	5.473055e-05
5.069331166788789e-04	3.654005e-02	4.963460e-05
5.079096791788789e-04	4.986871e-01	4.501313e-05
5.088862416788789e-04	9.178038e-01	4.082196e-05
5.098628041788789e-04	1.297897e+00	3.702103e-05
5.108393666788789e-04	1.642599e+00	3.357401e-05
5.118159291788789e-04	1.955206e+00	3.044794e-05
5.127924916788789e-04	2.238707e+00	2.761294e-05
5.137690541788789e-04	2.495810e+00	2.504190e-05
5.147456166788789e-04	2.728975e+00	2.271025e-05
5.157221791788789e-04	2.940430e+00	2.059570e-05
5.166987416788789e-04	3.132196e+00	1.867804e-05
5.176753041788789e-04	3.306107e+00	1.693893e-05
5.186518666788789e-04	3.463825e+00	1.536175e-05
5.196284291788789e-04	3.606858e+00	1.393142e-05
5.206049916788789e-04	3.736573e+00	1.263426e-05
5.215815541788789e-04	3.854211e+00	1.145789e-05
5.225581166788789e-04	3.960895e+00	1.039105e-05
5.235346791788789e-04	4.057646e+00	9.423538e-06
5.245112416788789e-04	4.145389e+00	8.546114e-06
5.254878041788789e-04	4.224961e+00	7.750386e-06
5.264643666788789e-04	4.297125e+00	7.028749e-06
5.274409291788789e-04	4.362570e+00	6.374303e-06
5.284174916788789e-04	4.421921e+00	5.780792e-06
5.293940541788789e-04	4.475746e+00	5.242543e-06
5.303706166788789e-04	4.524559e+00	4.754411e-06
5.313471791788789e-04	4.568827e+00	4.311728e-06
5.323237416788789e-04	4.608974e+00	3.910264e-06
5.333003041788789e-04	4.645382e+00	3.546180e-06
5.342768666788789e-04	4.678401e+00	3.215996e-06
5.352534291788789e-04	4.708344e+00	2.916555e-06
5.362299916788789e-04	4.735500e+00	2.644995e-06
5.372065541788789e-04	4.760128e+00	2.398720e-06
5.381831166788789e-04	4.782463e+00	2.175375e-06
5.391596791788789e-04	4.802717e+00	1.972826e-06
5.401362416788789e-04	4.821086e+00	1.789137e-06
5.411128041788789e-04	4.837745e+00	1.622550e-06
5.420893666788789e-04	4.852852e+00	1.471475e-06
5.430659291788789e-04	4.866553e+00	1.334466e-06
5.440424916788789e-04	4.878979e+00	1.210214e-06
5.450190541788789e-04	4.890247e+00	1.097531e-06
5.459956166788789e-04	4.900466e+00	9.953402e-07
5.469721791788789e-04	4.909734e+00	9.026642e-07
5.479487416788789e-04	4.918139e+00	8.186173e-07
5.489253041788789e-04	4.925760e+00	7.423959e-07
5.500000001000000e-04	4.933331e+00	6.667105e-07
5.500000001100000e-04	4.933331e+00	-9.333366e-06
5.500000001300000e-04	4.933331e+00	-2.933329e-05
5.500000002000000e-04	4.933330e+00	-9.933329e-05
5.500011985711639e-04	4.932140e+00	-9.932140e-05
5.500023969423278e-04	4.930950e+00	-9.930950e-05
5.500035953134917e-04	4.929760e+00	-9.929760e-05
5.500047936846557e-04	4.928570e+00	-9.928571e-05
5.500059920558197e-04	4.927380e+00	-9.927381e-05
5.500071904269836e-04	4.926191e+00	-9.926191e-05
5.500083887981475e-04	4.925001e+00	-9.925001e-05
5.500671090411800e-04	4.866892e+00	-9.866892e-05
5.501342178903599e-04	4.800898e+00	-9.800898e-05
5.502684355887197e-04	4.670229e+00	-9.670229e-05
5.505368709854395e-04	4.414084e+00	-9.414084e-05
5.510737417788789e-04	3.921882e+00	-8.921882e-05
5.520503042788789e-04	3.091166e+00	-8.091167e-05
5.530268667788789e-04	2.337799e+00	-7.337799e-05
5.540034292788789e-04	1.654578e+00	-6.654578e-05
5.549799917788789e-04	1.034971e+00	-6.034971e-05
5.559565542788789e-04	4.730554e-01	-5.473055e-05
5.569331167788789e-04	-3.654005e-02	-4.963460e-05
5.579096792788789e-04	-4.986872e-01	-4.501313e-05
5.588862417788789e-04	-9.178038e-01	-4.082196e-05
5.598628042788789e-04	-1.297897e+00	-3.702103e-05
5.608393667788789e-04	-1.642599e+00	-3.357401e-05
5.618159292788789e-04	-1.955206e+00	-3.044794e-05
5.627924917788789e-04	-2.238707e+00	-2.761294e-05
5.637690542788789e-04	-2.495810e+00	-2.504190e-05
5.647456167788789e-04	-2.728975e+00	-2.271025e-05
5.657221792788789e-04	-2.940430e+00	-2.059570e-05
5.666987417788789e-04	-3.132196e+00	-1.867804e-05
5.676753042788789e-04	-3.306107e+00	-1.693893e-05
5.686518667788789e-04	-3.463825e+00	-1.536175e-05
5.696284292788789e-04	-3.606858e+00	-1.393142e-05
5.706049917788789e-04	-3.736573e+00	-1.263426e-05
5.715815542788789e-04	-3.854211e+00	-1.145789e-05
5.725581167788789e-04	-3.960895e+00	-1.039105e-05
5.735346792788789e-04	-4.057646e+00	-9.423538e-06
5.745112417788789e-04	-4.145389e+00	-8.546114e-06
5.754878042788789e-04	-4.224961e+00	-7.750386e-06
5.764643667788789e-04	-4.297125e+00	-7.028749e-06
5.774409292788789e-04	-4.362570e+00	-6.374303e-06
5.784174917788789e-04	-4.421921e+00	-5.780792e-06
5.793940542788789e-04	-4.475746e+00	-5.242543e-06
5.803706167788789e-04	-4.524559e+00	-4.754411e-06
5.813471792788789e-04	-4.568827e+00	-4.311728e-06
5.823237417788789e-04	-4.608974e+00	-3.910264e-06
5.833003042788789e-04	-4.645382e+00	-3.546180e-06
5.842768667788789e-04	-4.678401e+00	-3.215996e-06
5.852534292788789e-04	-4.708344e+00	-2.916555e-06
5.862299917788789e-04	-4.735500e+00	-2.644995e-06
5.872065542788789e-04	-4.760128e+00	-2.398720e-06
5.881831167788789e-04	-4.782463e+00	-2.175375e-06
5.891596792788789e-04	-4.802717e+00	-1.972826e-06
5.901362417788789e-04	-4.821086e+00	-1.789137e-06
5.911128042788789e-04	-4.837745e+00	-1.622550e-06
5.920893667788789e-04	-4.852852e+00	-1.471475e-06
5.930659292788789e-04	-4.866553e+00	-1.334466e-06
5.940424917788789e-04	-4.878979e+00	-1.210214e-06
5.950190542788789e-04	-4.890247e+00	-1.097531e-06
5.959956167788789e-04	-4.900466e+00	-9.953402e-07
5.969721792788789e-04	-4.909734e+00	-9.026642e-07
5.979487417788789e-04	-4.918139e+00	-8.186173e-07
5.989253042788789e-04	-4.925760e+00	-7.423959e-07
6.000000000000001e-04	-4.933330e+00	-6.665941e-07
6.000000000100001e-04	-4.933330e+00	9.333482e-06
6.000000000300000e-04	-4.933330e+00	2.933340e-05
6.000000000699999e-04	-4.933330e+00	6.933324e-05
6.000000000999999e-04	-4.933330e+00	9.933329e-05
6.000000001079999e-04	-4.933330e+00	9.933330e-05
6.000011984767217e-04	-4.932140e+00	9.932140e-05
6.000023968454435e-04	-4.930950e+00	9.930950e-05
6.000035952141653e-04	-4.929760e+00	9.929760e-05
6.000047935828871e-04	-4.928570e+00	9.928570e-05
6.000059919516089e-04	-4.927380e+00	9.927380e-05
6.000071903203307e-04	-4.926191e+00	9.926191e-05
6.000083886890525e-04	-4.925001e+00	9.925001e-05
6.000671088684204e-04	-4.866892e+00	9.866892e-05
6.001342176448407e-04	-4.800898e+00	9.800898e-05
6.002684351976814e-04	-4.670229e+00	9.670229e-05
6.005368703033628e-04	-4.414084e+00	9.414084e-05
6.010737405147256e-04	-3.921883e+00	8.921883e-05
6.020503030147256e-04	-3.091167e+00	8.091168e-05
6.030268655147256e-04	-2.337800e+00	7.337800e-05
6.040034280147256e-04	-1.654578e+00	6.654578e-05
6.049799905147256e-04	-1.034971e+00	6.034971e-05
6.059565530147256e-04	-4.730560e-01	5.473056e-05
6.069331155147256e-04	3.653950e-02	4.963460e-05
6.079096780147256e-04	4.986867e-01	4.501313e-05
6.088862405147256e-04	9.178033e-01	4.082197e-05
6.098628030147256e-04	1.297896e+00	3.702104e-05
6.108393655147256e-04	1.642599e+00	3.357402e-05
6.118159280147256e-04	1.955206e+00	3.044794e-05
6.127924905147256e-04	2.238706e+00	2.761294e-05
6.137690530147257e-04	2.495810e+00	2.504190e-05
6.147456155147257e-04	2.728975e+00	2.271025e-05
6.157221780147257e-04	2.940429e+00	2.059570e-05
6.166987405147257e-04	3.132196e+00	1.867804e-05
6.176753030147257e-04	3.306107e+00	1.693893e-05
6.186518655147257e-04	3.463825e+00	1.536175e-05
6.196284280147257e-04	3.606858e+00	1.393142e-05
6.206049905147257e-04	3.736573e+00	1.263427e-05
6.215815530147257e-04	3.854211e+00	1.145789e-05
6.225581155147257e-04	3.960895e+00	1.039105e-05
6.235346780147257e-04	4.057646e+00	9.423539e-06
6.245112405147257e-04	4.145389e+00	8.546115e-06
6.254878030147257e-04	4.224961e+00	7.750387e-06
6.264643655147257e-04	4.297125e+00	7.028750e-06
6.274409280147257e-04	4.362570e+00	6.374304e-06
6.284174905147257e-04	4.421921e+00	5.780793e-06
6.293940530147257e-04	4.475746e+00	5.242544e-06
6.303706155147257e-04	4.524559e+00	4.754412e-06
6.313471780147257e-04	4.568827e+00	4.311729e-06
6.323237405147257e-04	4.608974e+00	3.910265e-06
6.333003030147257e-04	4.645382e+00	3.546180e-06
6.342768655147257e-04	4.678401e+00	3.215996e-06
6.352534280147257e-04	4.708344e+00	2.916555e-06
6.362299905147257e-04	4.735500e+00	2.644995e-06
6.372065530147257e-04	4.760128e+00	2.398720e-06
6.381831155147257e-04	4.782463e+00	2.175375e-06
6.391596780147257e-04	4.802717e+00	1.972826e-06
6.401362405147257e-04	4.821086e+00	1.789137e-06
6.411128030147257e-04	4.837745e+00	1.622550e-06
6.420893655147257e-04	4.852852e+00	1.471475e-06
6.430659280147257e-04	4.866553e+00	1.334466e-06
6.440424905147257e-04	4.878979e+00	1.210214e-06
6.450190530147257e-04	4.890247e+00	1.097531e-06
6.459956155147257e-04	4.900466e+00	9.953403e-07
6.469721780147257e-04	4.909734e+00	9.026643e-07
6.479487405147257e-04	4.918139e+00	8.186174e-07
6.489253030147257e-04	4.925760e+00	7.423960e-07
6.500000000999999e-04	4.933331e+00	6.667105e-07
6.500000001100000e-04	4.933331e+00	-9.333366e-06
6.500000001299999e-04	4.933331e+00	-2.933329e-05
6.500000001999999e-04	4.933330e+00	-9.933329e-05
6.500011985711638e-04	4.932140e+00	-9.932139e-05
6.500023969423278e-04	4.930950e+00	-9.930950e-05
6.500035953134917e-04	4.929760e+00	-9.929760e-05
6.500047936846557e-04	4.928570e+00	-9.928571e-05
6.500059920558196e-04	4.927380e+00	-9.927381e-05
6.500071904269835e-04	4.926191e+00	-9.926191e-05
6.500083887981474e-04	4.925001e+00	-9.925001e-05
6.500671090411799e-04	4.866892e+00	-9.866892e-05
6.501342178903599e-04	4.800898e+00	-9.800898e-05
6.502684355887197e-04	4.670229e+00	-9.670229e-05
6.505368709854394e-04	4.414084e+00	-9.414084e-05
6.510737417788788e-04	3.921882e+00	-8.921882e-05
6.520503042788788e-04	3.091166e+00	-8.091167e-05
6.530268667788788e-04	2.337799e+00	-7.337799e-05
6.540034292788788e-04	1.654578e+00	-6.654578e-05
6.549799917788788e-04	1.034971e+00	-6.034971e-05
6.559565542788788e-04	4.730554e-01	-5.473055e-05
6.569331167788788e-04	-3.654005e-02	-4.963460e-05
6.579096792788788e-04	-4.986871e-01	-4.501313e-05
6.588862417788788e-04	-9.178038e-01	-4.082196e-05
6.598628042788788e-04	-1.297897e+00	-3.702103e-05
6.608393667788788e-04	-1.642599e+00	-3.357401e-05
6.618159292788788e-04	-1.955206e+00	-3.044794e-05
6.627924917788788e-04	-2.238707e+00	-2.761294e-05
6.637690542788788e-04	-2.495810e+00	-2.504190e-05
6.647456167788788e-04	-2.728975e+00	-2.271025e-05
6.657221792788788e-04	-2.940430e+00	-2.059570e-05
6.666987417788788e-04	-3.132196e+00	-1.867804e-05
6.676753042788788e-04	-3.306107e+00	-1.693893e-05
6.686518667788788e-04	-3.463825e+00	-1.536175e-05
6.696284292788788e-04	-3.606858e+00	-1.393142e-05
6.706049917788788e-04	-3.736573e+00	-1.263426e-05
6.715815542788789e-04	-3.854211e+00	-1.145789e-05
6.725581167788789e-04	-3.960895e+00	-1.039105e-05
6.735346792788789e-04	-4.057646e+00	-9.423538e-06
6.745112417788789e-04	-4.145389e+00	-8.546114e-06
6.754878042788789e-04	-4.224961e+00	-7.750386e-06
6.764643667788789e-04	-4.297125e+00	-7.028749e-06
6.774409292788789e-04	-4.362570e+00	-6.374303e-06
6.784174917788789e-04	-4.421921e+00	-5.780792e-06
6.793940542788789e-04	-4.475746e+00	-5.242543e-06
6.803706167788789e-04	-4.524559e+00	-4.754411e-06
6.813471792788789e-04	-4.568827e+00	-4.311728e-06
6.823237417788789e-04	-4.608974e+00	-3.910264e-06
6.833003042788789e-04	-4.645382e+00	-3.546180e-06
6.842768667788789e-04	-4.678401e+00	-3.215996e-06
6.852534292788789e-04	-4.708344e+00	-2.916555e-06
6.862299917788789e-04	-4.735500e+00	-2.644995e-06
6.872065542788789e-04	-4.760128e+00	-2.398720e-06
6.881831167788789e-04	-4.782463e+00	-2.175375e-06
6.891596792788789e-04	-4.802717e+00	-1.972826e-06
6.901362417788789e-04	-4.821086e+00	-1.789137e-06
6.911128042788789e-04	-4.837745e+00	-1.622550e-06
6.920893667788789e-04	-4.852852e+00	-1.471475e-06
6.930659292788789e-04	-4.866553e+00	-1.334466e-06
6.940424917788789e-04	-4.878979e+00	-1.210214e-06
6.950190542788789e-04	-4.890247e+00	-1.097531e-06
6.959956167788789e-04	-4.900466e+00	-9.953402e-07
6.969721792788789e-04	-4.909734e+00	-9.026642e-07
6.979487417788789e-04	-4.918139e+00	-8.186173e-07
6.989253042788789e-04	-4.925760e+00	-7.423959e-07
6.999999999999999e-04	-4.933331e+00	-6.667105e-07
7.000000000099999e-04	-4.933331e+00	9.333366e-06
7.000000000300000e-04	-4.933331e+00	2.933340e-05
7.000000001000000e-04	-4.933330e+00	9.933330e-05
7.000011984724632e-04	-4.932140e+00	9.932140e-05
7.000023968449264e-04	-4.930950e+00	9.930950e-05
7.000035952173896e-04	-4.929760e+00	9.929760e-05
7.000047935898527e-04	-4.928570e+00	9.928570e-05
7.000059919623160e-04	-4.927380e+00	9.927380e-05
7.000071903347792e-04	-4.926191e+00	9.926191e-05
7.000083887072424e-04	-4.925001e+00	9.925001e-05
7.000671090139394e-04	-4.866892e+00	9.866892e-05
7.001342179358789e-04	-4.800898e+00	9.800898e-05
7.002684357797580e-04	-4.670229e+00	9.670229e-05
7.005368714675160e-04	-4.414083e+00	9.414084e-05
7.010737428430321e-04	-3.921881e+00	8.921881e-05
7.020503053430321e-04	-3.091166e+00	8.091165e-05
7.030268678430321e-04	-2.337798e+00	7.337798e-05
7.040034303430321e-04	-1.654577e+00	6.654577e-05
7.049799928430321e-04	-1.034970e+00	6.034970e-05
7.059565553430321e-04	-4.730548e-01	5.473055e-05
7.069331178430321e-04	3.654063e-02	4.963459e-05
7.079096803430321e-04	4.986877e-01	4.501312e-05
7.088862428430321e-04	9.178043e-01	4.082196e-05
7.098628053430321e-04	1.297897e+00	3.702103e-05
7.108393678430321e-04	1.642599e+00	3.357401e-05
7.118159303430321e-04	1.955207e+00	3.044793e-05
7.127924928430321e-04	2.238707e+00	2.761293e-05
7.137690553430321e-04	2.495811e+00	2.504190e-05
7.147456178430321e-04	2.728975e+00	2.271025e-05
7.157221803430321e-04	2.940430e+00	2.059570e-05
7.166987428430321e-04	3.132196e+00	1.867804e-05
7.176753053430321e-04	3.306107e+00	1.693893e-05
7.186518678430321e-04	3.463825e+00	1.536175e-05
7.196284303430321e-04	3.606858e+00	1.393142e-05
7.206049928430321e-04	3.736574e+00	1.263426e-05
7.215815553430321e-04	3.854211e+00	1.145789e-05
7.225581178430321e-04	3.960895e+00	1.039105e-05
7.235346803430321e-04	4.057646e+00	9.423537e-06
7.245112428430321e-04	4.145389e+00	8.546113e-06
7.254878053430321e-04	4.224961e+00	7.750386e-06
7.264643678430321e-04	4.297125e+00	7.028748e-06
7.274409303430321e-04	4.362570e+00	6.374302e-06
7.284174928430321e-04	4.421921e+00	5.780792e-06
7.293940553430321e-04	4.475746e+00	5.242543e-06
7.303706178430321e-04	4.524559e+00	4.754410e-06
7.313471803430321e-04	4.568827e+00	4.311728e-06
7.323237428430321e-04	4.608974e+00	3.910264e-06
7.333003053430321e-04	4.645382e+00	3.546179e-06
7.342768678430321e-04	4.678401e+00	3.215995e-06
7.352534303430321e-04	4.708344e+00	2.916554e-06
7.362299928430321e-04	4.735500e+00	2.644994e-06
7.372065553430321e-04	4.760128e+00	2.398719e-06
7.381831178430321e-04	4.782463e+00	2.175375e-06
7.391596803430321e-04	4.802717e+00	1.972826e-06
7.401362428430321e-04	4.821086e+00	1.789136e-06
7.411128053430321e-04	4.837745e+00	1.622550e-06
7.420893678430321e-04	4.852852e+00	1.471475e-06
7.430659303430321e-04	4.866553e+00	1.334466e-06
7.440424928430321e-04	4.878979e+00	1.210214e-06
7.450190553430321e-04	4.890247e+00	1.097531e-06
7.459956178430321e-04	4.900466e+00	9.953401e-07
7.469721803430321e-04	4.909734e+00	9.026641e-07
7.479487428430321e-04	4.918139e+00	8.186171e-07
7.489253053430321e-04	4.925760e+00	7.423958e-07
7.500000000999999e-04	4.933331e+00	6.667105e-07
7.500000001099999e-04	4.933331e+00	-9.333366e-06
7.500000001299999e-04	4.933331e+00	-2.933329e-05
7.500000001999999e-04	4.933330e+00	-9.933329e-05
7.500011985711638e-04	4.932140e+00	-9.932139e-05
7.500023969423277e-04	4.930950e+00	-9.930950e-05
7.500035953134916e-04	4.929760e+00	-9.929760e-05
7.500047936846556e-04	4.928570e+00	-9.928571e-05
7.500059920558195e-04	4.927380e+00	-9.927381e-05
7.500071904269834e-04	4.926191e+00	-9.926191e-05
7.500083887981474e-04	4.925001e+00	-9.925001e-05
7.500671090411798e-04	4.866892e+00	-9.866892e-05
7.501342178903598e-04	4.800898e+00	-9.800898e-05
7.502684355887196e-04	4.670229e+00	-9.670229e-05
7.505368709854394e-04	4.414084e+00	-9.414084e-05
7.510737417788788e-04	3.921882e+00	-8.921882e-05
7.520503042788788e-04	3.091166e+00	-8.091167e-05
7.530268667788788e-04	2.337799e+00	-7.337799e-05
7.540034292788788e-04	1.654578e+00	-6.654578e-05
7.549799917788788e-04	1.034971e+00	-6.034971e-05
7.559565542788788e-04	4.730554e-01	-5.473055e-05
7.569331167788788e-04	-3.654005e-02	-4.963460e-05
7.579096792788788e-04	-4.986872e-01	-4.501313e-05
7.588862417788788e-04	-9.178038e-01	-4.082196e-05
7.598628042788788e-04	-1.297897e+00	-3.702103e-05
7.608393667788788e-04	-1.642599e+00	-3.357401e-05
7.618159292788788e-04	-1.955206e+00	-3.044794e-05
7.627924917788788e-04	-2.238707e+00	-2.761294e-05
7.637690542788788e-04	-2.495810e+00	-2.504190e-05
7.647456167788788e-04	-2.728975e+00	-2.271025e-05
7.657221792788788e-04	-2.940430e+00	-2.059570e-05
7.666987417788788e-04	-3.132196e+00	-1.867804e-05
7.676753042788788e-04	-3.306107e+00	-1.693893e-05
7.686518667788788e-04	-3.463825e+00	-1.536175e-05
7.696284292788788e-04	-3.606858e+00	-1.393142e-05
7.706049917788788e-04	-3.736573e+00	-1.263426e-05
7.715815542788788e-04	-3.854211e+00	-1.145789e-05
7.725581167788788e-04	-3.960895e+00	-1.039105e-05
7.735346792788788e-04	-4.057646e+00	-9.423538e-06
7.745112417788788e-04	-4.145389e+00	-8.546114e-06
7.754878042788788e-04	-4.224961e+00	-7.750386e-06
7.764643667788788e-04	-4.297125e+00	-7.028749e-06
7.774409292788788e-04	-4.362570e+00	-6.374303e-06
7.784174917788788e-04	-4.421921e+00	-5.780792e-06
7.793940542788788e-04	-4.475746e+00	-5.242543e-06
7.803706167788788e-04	-4.524559e+00	-4.754411e-06
7.813471792788788e-04	-4.568827e+00	-4.311728e-06
7.823237417788788e-04	-4.608974e+00	-3.910264e-06
7.833003042788788e-04	-4.645382e+00	-3.546180e-06
7.842768667788788e-04	-4.678401e+00	-3.215996e-06
7.852534292788788e-04	-4.708344e+00	-2.916555e-06
7.862299917788788e-04	-4.735500e+00	-2.644995e-06
7.872065542788788e-04	-4.760128e+00	-2.398720e-06
7.881831167788788e-04	-4.782463e+00	-2.175375e-06
7.891596792788788e-04	-4.802717e+00	-1.972826e-06
7.901362417788788e-04	-4.821086e+00	-1.789137e-06
7.911128042788788e-04	-4.837745e+00	-1.622550e-06
7.920893667788788e-04	-4.852852e+00	-1.471475e-06
7.930659292788788e-04	-4.866553e+00	-1.334466e-06
7.940424917788788e-04	-4.878979e+00	-1.210214e-06
7.950190542788788e-04	-4.890247e+00	-1.097531e-06
7.959956167788788e-04	-4.900466e+00	-9.953402e-07
7.969721792788788e-04	-4.909734e+00	-9.026642e-07
7.979487417788788e-04	-4.918139e+00	-8.186173e-07
7.989253042788788e-04	-4.925760e+00	-7.423959e-07
7.999999999999999e-04	-4.933331e+00	-6.667105e-07
8.000000000100000e-04	-4.933331e+00	9.333366e-06
8.000000000299999e-04	-4.933331e+00	2.933329e-05
8.000000000699999e-04	-4.933331e+00	6.933324e-05
8.000000000999999e-04	-4.933330e+00	9.933329e-05
8.000000001079999e-04	-4.933330e+00	9.933330e-05
8.000011984780210e-04	-4.932140e+00	9.932140e-05
8.000023968480420e-04	-4.930950e+00	9.930950e-05
8.000035952180631e-04	-4.929760e+00	9.929760e-05
8.000047935880842e-04	-4.928570e+00	9.928570e-05
8.000059919581053e-04	-4.927380e+00	9.927380e-05
8.000071903281263e-04	-4.926191e+00	9.926191e-05
8.000083886981474e-04	-4.925001e+00	9.925001e-05
8.000671089411799e-04	-4.866892e+00	9.866892e-05
8.001342177903598e-04	-4.800898e+00	9.800898e-05
8.002684354887197e-04	-4.670229e+00	9.670229e-05
8.005368708854394e-04	-4.414084e+00	9.414084e-05
8.010737416788788e-04	-3.921882e+00	8.921882e-05
8.020503041788788e-04	-3.091166e+00	8.091167e-05
8.030268666788788e-04	-2.337799e+00	7.337799e-05
8.040034291788788e-04	-1.654578e+00	6.654578e-05
8.049799916788788e-04	-1.034971e+00	6.034971e-05
8.059565541788788e-04	-4.730554e-01	5.473055e-05
8.069331166788788e-04	3.654005e-02	4.963460e-05
8.079096791788788e-04	4.986871e-01	4.501313e-05
8.088862416788788e-04	9.178038e-01	4.082196e-05
8.098628041788788e-04	1.297897e+00	3.702103e-05
8.108393666788788e-04	1.642599e+00	3.357401e-05
8.118159291788788e-04	1.955206e+00	3.044794e-05
8.127924916788788e-04	2.238707e+00	2.761294e-05
8.137690541788788e-04	2.495810e+00	2.504190e-05
8.147456166788788e-04	2.728975e+00	2.271025e-05
8.157221791788788e-04	2.940430e+00	2.059570e-05
8.166987416788788e-04	3.132196e+00	1.867804e-05
8.176753041788788e-04	3.306107e+00	1.693893e-05
8.186518666788788e-04	3.463825e+00	1.536175e-05
8.196284291788788e-04	3.606858e+00	1.393142e-05
8.206049916788788e-04	3.736573e+00	1.263426e-05
8.215815541788788e-04	3.854211e+00	1.145789e-05
8.225581166788788e-04	3.960895e+00	1.039105e-05
8.235346791788788e-04	4.057646e+00	9.423538e-06
8.245112416788788e-04	4.145389e+00	8.546114e-06
8.254878041788788e-04	4.224961e+00	7.750386e-06
8.264643666788788e-04	4.297125e+00	7.028749e-06
8.274409291788788e-04	4.362570e+00	6.374303e-06
8.284174916788788e-04	4.421921e+00	5.780792e-06
8.293940541788788e-04	4.475746e+00	5.242543e-06
8.303706166788788e-04	4.524559e+00	4.754411e-06
8.313471791788788e-04	4.568827e+00	4.311728e-06
8.323237416788788e-04	4.608974e+00	3.910264e-06
8.333003041788788e-04	4.645382e+00	3.546180e-06
8.342768666788788e-04	4.678401e+00	3.215996e-06
8.352534291788788e-04	4.708344e+00	2.916555e-06
8.362299916788788e-04	4.735500e+00	2.644995e-06
8.372065541788788e-04	4.760128e+00	2.398720e-06
8.381831166788788e-04	4.782463e+00	2.175375e-06
8.391596791788788e-04	4.802717e+00	1.972826e-06
8.401362416788788e-04	4.821086e+00	1.789137e-06
8.411128041788788e-04	4.837745e+00	1.622550e-06
8.420893666788789e-04	4.852852e+00	1.471475e-06
8.430659291788789e-04	4.866553e+00	1.334466e-06
8.440424916788789e-04	4.878979e+00	1.210214e-06
8.450190541788789e-04	4.890247e+00	1.097531e-06
8.459956166788789e-04	4.900466e+00	9.953402e-07
8.469721791788789e-04	4.909734e+00	9.026642e-07
8.479487416788789e-04	4.918139e+00	8.186173e-07
8.489253041788789e-04	4.925760e+00	7.423959e-07
8.500000000999999e-04	4.933331e+00	6.667105e-07
8.500000001100000e-04	4.933331e+00	-9.333366e-06
8.500000001299999e-04	4.933331e+00	-2.933329e-05
8.500000001999999e-04	4.933330e+00	-9.933329e-05
8.500011985711638e-04	4.932140e+00	-9.932139e-05
8.500023969423277e-04	4.930950e+00	-9.930950e-05
8.500035953134916e-04	4.929760e+00	-9.929760e-05
8.500047936846557e-04	4.928570e+00	-9.928571e-05
8.500059920558196e-04	4.927380e+00	-9.927381e-05
8.500071904269835e-04	4.926191e+00	-9.926191e-05
8.500083887981474e-04	4.925001e+00	-9.925001e-05
8.500671090411799e-04	4.866892e+00	-9.866892e-05
8.501342178903598e-04	4.800898e+00	-9.800898e-05
8.502684355887197e-04	4.670229e+00	-9.670229e-05
8.505368709854394e-04	4.414084e+00	-9.414084e-05
8.510737417788788e-04	3.921882e+00	-8.921882e-05
8.520503042788788e-04	3.091166e+00	-8.091167e-05
8.530268667788788e-04	2.337799e+00	-7.337799e-05
8.540034292788788e-04	1.654578e+00	-6.654578e-05
8.549799917788788e-04	1.034971e+00	-6.034971e-05
8.559565542788788e-04	4.730554e-01	-5.473055e-05
8.569331167788788e-04	-3.654005e-02	-4.963460e-05
8.579096792788788e-04	-4.986872e-01	-4.501313e-05
8.588862417788788e-04	-9.178038e-01	-4.082196e-05
8.598628042788788e-04	-1.297897e+00	-3.702103e-05
8.608393667788788e-04	-1.642599e+00	-3.357401e-05
8.618159292788788e-04	-1.955206e+00	-3.044794e-05
8.627924917788788e-04	-2.238707e+00	-2.761294e-05
8.637690542788788e-04	-2.495810e+00	-2.504190e-05
8.647456167788788e-04	-2.728975e+00	-2.271025e-05
8.657221792788788e-04	-2.940430e+00	-2.059570e-05
8.666987417788788e-04	-3.132196e+00	-1.867804e-05
8.676753042788788e-04	-3.306107e+00	-1.693893e-05
8.686518667788788e-04	-3.463825e+00	-1.536175e-05
8.696284292788788e-04	-3.606858e+00	-1.393142e-05
8.706049917788788e-04	-3.736573e+00	-1.263426e-05
8.715815542788788e-04	-3.854211e+00	-1.145789e-05
8.725581167788788e-04	-3.960895e+00	-1.039105e-05
8.735346792788788e-04	-4.057646e+00	-9.423538e-06
8.745112417788788e-04	-4.145389e+00	-8.546114e-06
8.754878042788788e-04	-4.224961e+00	-7.750386e-06
8.764643667788788e-04	-4.297125e+00	-7.028749e-06
8.774409292788788e-04	-4.362570e+00	-6.374303e-06
8.784174917788788e-04	-4.421921e+00	-5.780792e-06
8.793940542788788e-04	-4.475746e+00	-5.242543e-06
8.803706167788788e-04	-4.524559e+00	-4.754411e-06
8.813471792788788e-04	-4.568827e+00	-4.311728e-06
8.823237417788788e-04	-4.608974e+00	-3.910264e-06
8.833003042788788e-04	-4.645382e+00	-3.546180e-06
8.842768667788788e-04	-4.678401e+00	-3.215996e-06
8.852534292788788e-04	-4.708344e+00	-2.916555e-06
8.862299917788788e-04	-4.735500e+00	-2.644995e-06
8.872065542788788e-04	-4.760128e+00	-2.398720e-06
8.881831167788788e-04	-4.782463e+00	-2.175375e-06
8.891596792788788e-04	-4.802717e+00	-1.972826e-06
8.901362417788788e-04	-4.821086e+00	-1.789137e-06
8.911128042788789e-04	-4.837745e+00	-1.622550e-06
8.920893667788789e-04	-4.852852e+00	-1.471475e-06
8.930659292788789e-04	-4.866553e+00	-1.334466e-06
8.940424917788789e-04	-4.878979e+00	-1.210214e-06
8.950190542788789e-04	-4.890247e+00	-1.097531e-06
8.959956167788789e-04	-4.900466e+00	-9.953402e-07
8.969721792788789e-04	-4.909734e+00	-9.026642e-07
8.979487417788789e-04	-4.918139e+00	-8.186173e-07
8.989253042788789e-04	-4.925760e+00	-7.423959e-07
9.000000000000000e-04	-4.933331e+00	-6.667105e-07
9.000000000100000e-04	-4.933331e+00	9.333366e-06
9.000000000300000e-04	-4.933331e+00	2.933329e-05
9.000000000700000e-04	-4.933331e+00	6.933336e-05
9.000000001000000e-04	-4.933330e+00	9.933328e-05
9.000000001080000e-04	-4.933330e+00	9.933331e-05
9.000011984780210e-04	-4.932140e+00	9.932140e-05
9.000023968480421e-04	-4.930950e+00	9.930949e-05
9.000035952180631e-04	-4.929760e+00	9.929759e-05
9.000047935880843e-04	-4.928570e+00	9.928569e-05
9.000059919581053e-04	-4.927380e+00	9.927379e-05
9.000071903281264e-04	-4.926191e+00	9.926190e-05
9.000083886981474e-04	-4.925001e+00	9.925001e-05
9.000671089411799e-04	-4.866892e+00	9.866892e-05
9.001342177903599e-04	-4.800898e+00	9.800898e-05
9.002684354887197e-04	-4.670229e+00	9.670229e-05
9.005368708854395e-04	-4.414084e+00	9.414084e-05
9.010737416788789e-04	-3.921882e+00	8.921882e-05
9.020503041788789e-04	-3.091166e+00	8.091167e-05
9.030268666788789e-04	-2.337799e+00	7.337799e-05
9.040034291788789e-04	-1.654578e+00	6.654578e-05
9.049799916788789e-04	-1.034971e+00	6.034971e-05
9.059565541788789e-04	-4.730554e-01	5.473055e-05
9.069331166788789e-04	3.654005e-02	4.963460e-05
9.079096791788789e-04	4.986871e-01	4.501313e-05
9.088862416788789e-04	9.178038e-01	4.082196e-05
9.098628041788789e-04	1.297897e+00	3.702103e-05
9.108393666788789e-04	1.642599e+00	3.357401e-05
9.118159291788789e-04	1.955206e+00	3.044794e-05
9.127924916788789e-04	2.238707e+00	2.761294e-05
9.137690541788789e-04	2.495810e+00	2.504190e-05
9.147456166788789e-04	2.728975e+00	2.271025e-05
9.157221791788789e-04	2.940430e+00	2.059570e-05
9.166987416788789e-04	3.132196e+00	1.867804e-05
9.176753041788789e-04	3.306107e+00	1.693893e-05
9.186518666788789e-04	3.463825e+00	1.536175e-05
9.196284291788789e-04	3.606858e+00	1.393142e-05
9.206049916788789e-04	3.736573e+00	1.263426e-05
9.215815541788789e-04	3.854211e+00	1.145789e-05
9.225581166788789e-04	3.960895e+00	1.039105e-05
9.235346791788789e-04	4.057646e+00	9.423538e-06
9.245112416788789e-04	4.145389e+00	8.546114e-06
9.254878041788789e-04	4.224961e+00	7.750386e-06
9.264643666788789e-04	4.297125e+00	7.028749e-06
9.274409291788789e-04	4.362570e+00	6.374303e-06
9.284174916788789e-04	4.421921e+00	5.780792e-06
9.293940541788789e-04	4.475746e+00	5.242543e-06
9.303706166788789e-04	4.524559e+00	4.754411e-06
9.313471791788789e-04	4.568827e+00	4.311728e-06
9.323237416788789e-04	4.608974e+00	3.910264e-06
9.333003041788789e-04	4.645382e+00	3.546180e-06
9.342768666788789e-04	4.678401e+00	3.215996e-06
9.352534291788789e-04	4.708344e+00	2.916555e-06
9.362299916788789e-04	4.735500e+00	2.644995e-06
9.372065541788789e-04	4.760128e+00	2.398720e-06
9.381831166788789e-04	4.782463e+00	2.175375e-06
9.391596791788789e-04	4.802717e+00	1.972826e-06
9.401362416788789e-04	4.821086e+00	1.789137e-06
9.411128041788789e-04	4.837745e+00	1.622550e-06
9.420893666788789e-04	4.852852e+00	1.471475e-06
9.430659291788789e-04	4.866553e+00	1.334466e-06
9.440424916788789e-04	4.878979e+00	1.210214e-06
9.450190541788789e-04	4.890247e+00	1.097531e-06
9.459956166788789e-04	4.900466e+00	9.953402e-07
9.469721791788789e-04	4.909734e+00	9.026642e-07
9.479487416788789e-04	4.918139e+00	8.186173e-07
9.489253041788789e-04	4.925760e+00	7.423959e-07
9.500000001000000e-04	4.933331e+00	6.667105e-07
9.500000001100000e-04	4.933331e+00	-9.333366e-06
9.500000001300000e-04	4.933331e+00	-2.933329e-05
9.500000002000000e-04	4.933330e+00	-9.933329e-05
9.500011985711639e-04	4.932140e+00	-9.932140e-05
9.500023969423278e-04	4.930950e+00	-9.930950e-05
9.500035953134917e-04	4.929760e+00	-9.929760e-05
9.500047936846557e-04	4.928570e+00	-9.928571e-05
9.500059920558196e-04	4.927380e+00	-9.927381e-05
9.500071904269835e-04	4.926191e+00	-9.926191e-05
9.500083887981474e-04	4.925001e+00	-9.925001e-05
9.500671090411799e-04	4.866892e+00	-9.866892e-05
9.501342178903599e-04	4.800898e+00	-9.800898e-05
9.502684355887197e-04	4.670229e+00	-9.670229e-05
9.505368709854395e-04	4.414084e+00	-9.414084e-05
9.510737417788789e-04	3.921882e+00	-8.921882e-05
9.520503042788789e-04	3.091166e+00	-8.091167e-05
9.530268667788789e-04	2.337799e+00	-7.337799e-05
9.540034292788789e-04	1.654578e+00	-6.654578e-05
9.549799917788789e-04	1.034971e+00	-6.034971e-05
9.559565542788789e-04	4.730554e-01	-5.473055e-05
9.569331167788789e-04	-3.654005e-02	-4.963460e-05
9.579096792788789e-04	-4.986872e-01	-4.501313e-05
9.588862417788789e-04	-9.178038e-01	-4.082196e-05
9.598628042788789e-04	-1.297897e+00	-3.702103e-05
9.608393667788789e-04	-1.642599e+00	-3.357401e-05
9.618159292788789e-04	-1.955206e+00	-3.044794e-05
9.627924917788789e-04	-2.238707e+00	-2.761294e-05
9.637690542788789e-04	-2.495810e+00	-2.504190e-05
9.647456167788789e-04	-2.728975e+00	-2.271025e-05
9.657221792788789e-04	-2.940430e+00	-2.059570e-05
9.666987417788789e-04	-3.132196e+00	-1.867804e-05
9.676753042788789e-04	-3.306107e+00	-1.693893e-05
9.686518667788789e-04	-3.463825e+00	-1.536175e-05
9.696284292788789e-04	-3.606858e+00	-1.393142e-05
9.706049917788789e-04	-3.736573e+00	-1.263426e-05
9.715815542788789e-04	-3.854211e+00	-1.145789e-05
9.725581167788789e-04	-3.960895e+00	-1.039105e-05
9.735346792788789e-04	-4.057646e+00	-9.423538e-06
9.745112417788789e-04	-4.145389e+00	-8.546114e-06
9.754878042788789e-04	-4.224961e+00	-7.750386e-06
9.764643667788789e-04	-4.297125e+00	-7.028749e-06
9.774409292788789e-04	-4.362570e+00	-6.374303e-06
9.784174917788788e-04	-4.421921e+00	-5.780792e-06
9.793940542788787e-04	-4.475746e+00	-5.242543e-06
9.803706167788786e-04	-4.524559e+00	-4.754411e-06
9.813471792788785e-04	-4.568827e+00	-4.311728e-06
9.823237417788783e-04	-4.608974e+00	-3.910264e-06
9.833003042788782e-04	-4.645382e+00	-3.546180e-06
9.842768667788781e-04	-4.678401e+00	-3.215996e-06
9.852534292788780e-04	-4.708344e+00	-2.916555e-06
9.862299917788779e-04	-4.735500e+00	-2.644995e-06
9.872065542788778e-04	-4.760128e+00	-2.398720e-06
9.881831167788777e-04	-4.782463e+00	-2.175375e-06
9.891596792788776e-04	-4.802717e+00	-1.972826e-06
9.901362417788775e-04	-4.821086e+00	-1.789137e-06
9.911128042788774e-04	-4.837745e+00	-1.622550e-06
9.920893667788773e-04	-4.852852e+00	-1.471475e-06
9.930659292788772e-04	-4.866553e+00	-1.334466e-06
9.940424917788771e-04	-4.878979e+00	-1.210214e-06
9.950190542788769e-04	-4.890247e+00	-1.097531e-06
9.959956167788768e-04	-4.900466e+00	-9.953402e-07
9.969721792788767e-04	-4.909734e+00	-9.026642e-07
9.979487417788766e-04	-4.918139e+00	-8.186173e-07
9.989253042788765e-04	-4.925760e+00	-7.423959e-07
1.000000000000000e-03	-4.933331e+00	-6.666967e-07
